 0.00000000e+00  0.00000000e+00 
 1.00000000e-08  4.99999950e-09 
 1.08400001e-08  5.45527949e-09 
 1.25200002e-08  6.43639946e-09 
 1.58800004e-08  8.82199941e-09 
 2.26000008e-08  1.52866392e-08 
 3.60400017e-08  3.49896780e-08 
 6.29200035e-08  1.01490788e-07 
 1.16680007e-07  3.42873099e-07 
 2.24200014e-07  1.25915780e-06 
 4.39240029e-07  4.82580516e-06 
 8.69320057e-07  1.88953931e-05 
 1.00000000e-06  2.50024304e-05 
 1.08601601e-06  2.93032055e-05 
 1.25804802e-06  3.79047482e-05 
 1.60211204e-06  5.51077894e-05 
 2.29024009e-06  8.95136941e-05 
 3.66649618e-06  1.58324793e-04 
 6.41900836e-06  2.95944150e-04 
 1.19240327e-05  5.71171501e-04 
 2.29340815e-05  1.12158075e-03 
 4.49541789e-05  2.22221747e-03 
 8.89943739e-05  4.42276399e-03 
 1.77074764e-04  8.82095092e-03 
 3.53235543e-04  1.76057132e-02 
 7.05557103e-04  3.51288935e-02 
 1.41020022e-03  6.99906905e-02 
 2.81948646e-03  1.38982487e-01 
 5.63805894e-03  2.74089741e-01 
 1.12752039e-02  5.33193136e-01 
 2.12752039e-02  9.58603313e-01 
 3.12752039e-02  1.34349824e+00 
 4.12752039e-02  1.69173650e+00 
 5.12752039e-02  2.00680921e+00 
 6.12752039e-02  2.29187500e+00 
 7.12752039e-02  2.54979167e+00 
 8.12752039e-02  2.78314484e+00 
 9.12752039e-02  2.99427391e+00 
 1.01275204e-01  3.18529544e+00 
 1.11275204e-01  3.35812444e+00 
 1.21275204e-01  3.51449355e+00 
 1.31275204e-01  3.65597035e+00 
 1.41275204e-01  3.78397317e+00 
 1.51275204e-01  3.89978525e+00 
 1.61275204e-01  4.00456761e+00 
 1.71275204e-01  4.09937069e+00 
 1.81275204e-01  4.18514491e+00 
 1.91275204e-01  4.26275016e+00 
 2.01275204e-01  4.33296443e+00 
 2.11275204e-01  4.39649163e+00 
 2.21275204e-01  4.45396862e+00 
 2.31275204e-01  4.50597160e+00 
 2.41275204e-01  4.55302193e+00 
 2.51275204e-01  4.59559127e+00 
 2.61275204e-01  4.63410639e+00 
 2.71275204e-01  4.66895340e+00 
 2.81275204e-01  4.70048164e+00 
 2.91275204e-01  4.72900720e+00 
 3.01275204e-01  4.75481604e+00 
 3.11275204e-01  4.77816689e+00 
 3.21275204e-01  4.79929386e+00 
 3.31275204e-01  4.81840873e+00 
 3.41275204e-01  4.83570313e+00 
 3.51275204e-01  4.85135045e+00 
 3.61275204e-01  4.86550755e+00 
 3.71275204e-01  4.87831636e+00 
 3.81275204e-01  4.88990528e+00 
 3.91275204e-01  4.90039049e+00 
 4.01275204e-01  4.90987711e+00 
 4.11275204e-01  4.91846024e+00 
 4.21275204e-01  4.92622593e+00 
 4.31275204e-01  4.93325203e+00 
 4.41275204e-01  4.93960898e+00 
 4.51275204e-01  4.94536051e+00 
 4.61275204e-01  4.95056427e+00 
 4.71275204e-01  4.95527243e+00 
 4.81275204e-01  4.95953220e+00 
 4.91275204e-01  4.96338628e+00 
 5.01275204e-01  4.96687330e+00 
 5.11275204e-01  4.97002822e+00 
 5.21275204e-01  4.97288268e+00 
 5.31275204e-01  4.97546528e+00 
 5.41275204e-01  4.97780192e+00 
 5.51275204e-01  4.97991602e+00 
 5.61275204e-01  4.98182878e+00 
 5.71275204e-01  4.98355938e+00 
 5.81275204e-01  4.98512515e+00 
 5.91275204e-01  4.98654180e+00 
 6.01275204e-01  4.98782353e+00 
 6.11275204e-01  4.98898320e+00 
 6.21275204e-01  4.99003242e+00 
 6.31275204e-01  4.99098171e+00 
 6.41275204e-01  4.99184060e+00 
 6.51275204e-01  4.99261768e+00 
 6.61275204e-01  4.99332076e+00 
 6.71275204e-01  4.99395688e+00 
 6.81275204e-01  4.99453241e+00 
 6.91275204e-01  4.99505314e+00 
 7.01275204e-01  4.99552427e+00 
 7.11275204e-01  4.99595053e+00 
 7.21275204e-01  4.99633619e+00 
 7.31275204e-01  4.99668512e+00 
 7.41275204e-01  4.99700083e+00 
 7.51275204e-01  4.99728646e+00 
 7.61275204e-01  4.99754489e+00 
 7.71275204e-01  4.99777871e+00 
 7.81275204e-01  4.99799027e+00 
 7.91275204e-01  4.99818167e+00 
 8.01275204e-01  4.99835484e+00 
 8.11275204e-01  4.99851152e+00 
 8.21275204e-01  4.99865328e+00 
 8.31275204e-01  4.99878154e+00 
 8.41275204e-01  4.99889759e+00 
 8.51275204e-01  4.99900258e+00 
 8.61275204e-01  4.99909757e+00 
 8.71275204e-01  4.99918352e+00 
 8.81275204e-01  4.99926128e+00 
 8.91275204e-01  4.99933163e+00 
 9.01275204e-01  4.99939529e+00 
 9.11275204e-01  4.99945288e+00 
 9.21275204e-01  4.99950498e+00 
 9.31275204e-01  4.99955213e+00 
 9.41275204e-01  4.99959478e+00 
 9.51275204e-01  4.99963338e+00 
 9.61275204e-01  4.99966829e+00 
 9.71275204e-01  4.99969988e+00 
 9.81275204e-01  4.99972847e+00 
 9.91275204e-01  4.99975433e+00 
 1.00000000e+00  4.99977486e+00 
